subject	duration	condition
1	366	1
1	172	1
1	251	1
1	198	1
1	232	1
1	192	1
1	183	1
1	224	1
1	166	1
1	298	1
1	159	1
1	230	1
1	306	1
1	229	1
1	155	1
1	169	1
1	170	1
1	205	1
1	241	1
1	197	1
1	250	1
1	238	1
1	139	1
1	278	1
2	161	1
2	189	1
2	200	1
2	271	1
2	169	1
2	153	1
2	180	1
2	145	1
2	224	1
2	181	1
2	190	1
2	241	1
2	167	1
2	274	1
2	214	1
3	411	1
3	221	1
3	230	1
3	202	1
3	192	1
3	227	1
3	224	1
3	158	1
3	162	1
3	270	1
3	93	1
3	218	1
3	297	1
3	252	1
3	188	1
3	253	1
3	197	1
3	211	1
4	270	1
4	330	1
4	248	1
4	284	1
4	187	1
4	292	1
4	210	1
4	287	1
4	328	1
4	199	1
4	332	1
4	313	1
4	221	1
4	150	1
4	284	1
4	245	1
4	377	1
4	192	1
4	449	1
4	256	1
4	205	1
4	338	1
4	214	1
4	242	1
4	222	1
4	250	1
4	346	1
5	297	1
5	272	1
5	290	1
5	258	1
5	335	1
5	165	1
5	227	1
5	239	1
5	440	1
5	331	1
5	250	1
5	186	1
5	181	1
5	201	1
5	378	1
5	199	1
5	180	1
5	275	1
5	248	1
5	535	1
5	150	1
5	625	1
5	319	1
5	309	1
5	180	1
5	167	1
5	266	1
5	288	1
5	393	1
5	297	1
5	171	1
5	416	1
5	184	1
5	469	1
5	250	1
5	259	1
6	384	1
6	525	1
6	191	1
6	185	1
6	251	1
6	226	1
6	223	1
6	265	1
6	246	1
6	218	1
6	240	1
6	245	1
6	216	1
6	320	1
6	373	1
6	162	1
6	176	1
6	298	1
6	446	1
6	186	1
6	199	1
6	173	1
6	189	1
6	230	1
6	189	1
6	159	1
6	182	1
6	221	1
7	239	1
7	243	1
7	279	1
7	240	1
7	335	1
7	352	1
7	293	1
7	280	1
7	222	1
7	174	1
7	222	1
7	263	1
7	158	1
7	236	1
7	109	1
7	213	1
7	239	1
7	394	1
7	320	1
7	211	1
7	281	1
7	203	1
7	341	1
7	224	1
7	231	1
7	256	1
7	231	1
7	245	1
8	209	1
8	177	1
8	409	1
8	184	1
8	172	1
8	288	1
8	172	1
8	280	1
8	218	1
8	159	1
8	190	1
8	236	1
8	192	1
8	177	1
8	138	1
8	198	1
8	266	1
8	171	1
8	213	1
8	137	1
8	199	1
8	165	1
8	226	1
8	260	1
8	203	1
8	695	1
8	210	1
8	150	1
8	195	1
8	192	1
8	194	1
8	465	1
9	341	1
9	187	1
9	492	1
9	192	1
9	273	1
9	240	1
9	216	1
9	240	1
9	264	1
9	209	1
9	215	1
9	300	1
9	302	1
9	224	1
9	231	1
9	396	1
9	169	1
9	264	1
9	179	1
9	279	1
9	232	1
9	235	1
9	244	1
9	248	1
9	211	1
9	287	1
9	348	1
9	164	1
9	218	1
9	297	1
10	186	1
10	140	1
10	223	1
10	159	1
10	295	1
10	115	1
10	295	1
10	148	1
10	167	1
10	299	1
10	223	1
10	228	1
10	178	1
10	172	1
10	238	1
10	188	1
10	179	1
10	190	1
10	205	1
10	320	1
10	238	1
10	357	1
10	387	1
11	159	1
11	180	1
11	300	1
11	239	1
11	154	1
11	166	1
11	332	1
11	178	1
11	142	1
11	239	1
11	153	1
11	182	1
11	120	1
11	166	1
11	197	1
11	161	1
11	206	1
11	140	1
11	155	1
11	150	1
11	123	1
11	175	1
11	175	1
11	181	1
11	218	1
11	273	1
11	179	1
11	233	1
11	195	1
11	125	1
11	242	1
11	160	1
12	211	1
12	189	1
12	172	1
12	181	1
12	135	1
12	131	1
12	215	1
12	171	1
12	240	1
12	113	1
12	206	1
12	205	1
12	272	1
12	257	1
12	228	1
12	114	1
12	148	1
12	141	1
12	101	1
12	145	1
12	231	1
12	147	1
12	224	1
12	205	1
12	148	1
12	307	1
12	177	1
12	174	1
12	242	1
13	329	1
13	205	1
13	330	1
13	224	1
13	246	1
13	294	1
13	231	1
13	161	1
13	215	1
13	257	1
13	272	1
13	215	1
13	219	1
13	173	1
13	193	1
13	222	1
13	202	1
13	263	1
13	230	1
13	175	1
13	210	1
13	232	1
13	288	1
13	250	1
13	351	1
13	191	1
13	235	1
13	153	1
13	249	1
14	175	1
14	170	1
14	171	1
14	263	1
14	206	1
14	188	1
14	190	1
14	230	1
14	172	1
14	190	1
14	218	1
14	197	1
14	255	1
14	195	1
14	157	1
14	185	1
14	178	1
14	98	1
14	184	1
14	181	1
14	182	1
14	168	1
14	156	1
14	189	1
14	190	1
14	215	1
14	165	1
14	242	1
14	191	1
14	186	1
14	228	1
15	244	1
15	377	1
15	167	1
15	152	1
15	259	1
15	231	1
15	239	1
15	376	1
15	317	1
15	241	1
15	285	1
15	218	1
15	163	1
15	324	1
15	183	1
15	345	1
15	189	1
15	237	1
15	408	1
15	189	1
15	192	1
15	238	1
15	269	1
15	208	1
15	228	1
15	278	1
15	206	1
15	362	1
15	659	1
15	475	1
16	199	1
16	384	1
16	180	1
16	174	1
16	200	1
16	191	1
16	205	1
16	275	1
16	369	1
16	165	1
16	257	1
16	194	1
16	149	1
16	197	1
16	179	1
16	215	1
16	188	1
16	202	1
16	254	1
16	198	1
16	222	1
16	168	1
16	180	1
16	163	1
16	218	1
16	206	1
16	220	1
16	261	1
16	183	1
16	157	1
16	259	1
16	189	1
16	217	1
16	207	1
16	274	1
17	195	1
17	203	1
17	341	1
17	317	1
17	212	1
17	486	1
17	470	1
17	204	1
17	204	1
17	165	1
17	178	1
17	260	1
17	178	1
17	620	1
17	169	1
17	214	1
17	224	1
17	130	1
17	206	1
17	242	1
17	205	1
17	369	1
17	301	1
17	200	1
17	282	1
17	358	1
17	221	1
17	237	1
17	379	1
18	559	1
18	253	1
18	278	1
18	248	1
18	253	1
18	170	1
18	295	1
18	234	1
18	385	1
18	231	1
18	246	1
18	342	1
18	320	1
18	196	1
18	290	1
18	336	1
18	194	1
18	206	1
18	337	1
18	510	1
18	442	1
18	240	1
18	316	1
18	172	1
18	205	1
18	258	1
18	219	1
18	237	1
18	201	1
18	388	1
18	252	1
18	345	1
18	286	1
18	362	1
18	286	1
18	281	1
19	364	1
19	177	1
19	159	1
19	158	1
19	258	1
19	157	1
19	263	1
19	161	1
19	196	1
19	159	1
19	196	1
19	241	1
19	229	1
19	244	1
19	289	1
19	310	1
19	132	1
19	166	1
19	176	1
19	127	1
19	169	1
19	192	1
19	176	1
19	169	1
19	305	1
19	171	1
19	157	1
19	363	1
19	194	1
19	183	1
20	180	1
20	199	1
20	221	1
20	183	1
20	150	1
20	173	1
20	250	1
20	213	1
20	170	1
20	166	1
20	263	1
20	197	1
20	212	1
20	230	1
20	212	1
20	261	1
20	182	1
20	167	1
20	241	1
20	275	1
20	247	1
20	250	1
20	303	1
20	208	1
20	88	1
20	214	1
20	192	1
20	216	1
20	252	1
20	258	1
20	222	1
20	208	1
21	169	1
21	239	1
21	295	1
21	157	1
21	179	1
21	252	1
21	158	1
21	290	1
21	180	1
21	175	1
21	237	1
21	309	1
21	131	1
21	147	1
21	152	1
21	187	1
21	134	1
21	265	1
21	297	1
21	382	1
22	268	1
22	180	1
22	199	1
22	224	1
22	209	1
22	183	1
22	174	1
22	282	1
22	321	1
22	236	1
22	293	1
22	198	1
22	114	1
22	160	1
22	263	1
22	305	1
22	217	1
22	313	1
22	351	1
22	263	1
22	439	1
22	294	1
23	567	1
23	255	1
23	244	1
23	241	1
23	172	1
23	282	1
23	255	1
23	298	1
23	317	1
23	363	1
23	305	1
23	191	1
23	339	1
23	204	1
23	216	1
23	265	1
23	425	1
23	396	1
23	513	1
23	426	1
23	132	1
24	232	1
24	265	1
24	663	1
24	207	1
24	161	1
24	160	1
24	244	1
24	196	1
24	246	1
24	432	1
24	286	1
24	197	1
24	269	1
24	277	1
24	272	1
24	179	1
24	169	1
24	265	1
24	229	1
24	281	1
24	147	1
24	171	1
24	312	1
24	246	1
24	298	1
24	272	1
24	299	1
25	390	1
25	299	1
25	235	1
25	176	1
25	247	1
25	271	1
25	219	1
25	267	1
25	236	1
25	248	1
25	261	1
25	197	1
25	217	1
25	251	1
25	178	1
25	275	1
25	191	1
25	310	1
25	191	1
25	408	1
25	237	1
25	302	1
25	314	1
25	197	1
25	278	1
25	179	1
25	335	1
25	233	1
25	244	1
25	214	1
25	269	1
25	386	1
25	250	1
25	173	1
25	199	1
26	495	1
26	203	1
26	155	1
26	282	1
26	289	1
26	284	1
26	282	1
26	300	1
26	322	1
26	287	1
26	223	1
26	268	1
26	198	1
26	502	1
26	213	1
26	284	1
26	443	1
26	192	1
26	178	1
26	378	1
26	265	1
26	221	1
26	208	1
26	242	1
26	206	1
26	242	1
26	202	1
27	318	1
27	165	1
27	224	1
27	274	1
27	211	1
27	246	1
27	217	1
27	332	1
27	315	1
27	271	1
27	256	1
27	157	1
27	205	1
27	261	1
27	290	1
27	182	1
27	261	1
27	254	1
27	285	1
27	204	1
27	325	1
27	216	1
27	268	1
27	131	1
28	237	1
28	309	1
28	209	1
28	200	1
28	288	1
28	218	1
28	172	1
28	284	1
28	303	1
28	296	1
28	162	1
28	336	1
28	172	1
28	326	1
28	250	1
28	272	1
28	170	1
28	171	1
28	163	1
28	252	1
28	206	1
28	461	1
28	115	1
28	213	1
28	157	1
28	164	1
28	413	1
29	162	1
29	212	1
29	247	1
29	139	1
29	199	1
29	156	1
29	162	1
29	154	1
29	116	1
29	225	1
29	249	1
29	377	1
29	252	1
29	179	1
29	220	1
29	170	1
29	157	1
29	274	1
29	148	1
29	234	1
29	338	1
29	235	1
29	220	1
30	260	1
30	243	1
30	396	1
30	294	1
30	234	1
30	268	1
30	243	1
30	199	1
30	218	1
30	309	1
30	246	1
30	270	1
30	192	1
30	366	1
30	258	1
30	318	1
30	233	1
30	266	1
30	341	1
30	321	1
30	338	1
30	240	1
30	263	1
30	217	1
30	266	1
30	294	1
30	266	1
30	207	1
30	523	1
31	359	1
31	252	1
31	339	1
31	220	1
31	293	1
31	149	1
31	245	1
31	400	1
31	275	1
31	209	1
31	209	1
31	195	1
32	265	1
32	317	1
32	384	1
32	174	1
32	212	1
32	337	1
32	148	1
32	161	1
32	153	1
32	176	1
32	204	1
32	212	1
32	159	1
32	270	1
32	222	1
32	240	1
32	245	1
32	283	1
32	187	1
32	239	1
32	172	1
32	341	1
32	196	1
32	215	1
32	203	1
32	167	1
32	146	1
33	190	1
33	241	1
33	194	1
33	289	1
33	181	1
33	183	1
33	180	1
33	205	1
33	370	1
33	324	1
33	204	1
33	216	1
33	168	1
33	144	1
33	156	1
33	212	1
33	255	1
33	177	1
33	275	1
33	362	1
33	244	1
33	196	1
33	101	1
34	184	1
34	512	1
34	403	1
34	255	1
34	231	1
34	240	1
34	188	1
34	228	1
34	253	1
34	299	1
34	362	1
34	194	1
34	192	1
34	231	1
34	430	1
34	252	1
34	200	1
34	239	1
35	224	1
35	219	1
35	124	1
35	174	1
35	174	1
35	222	1
35	198	1
35	151	1
35	223	1
35	184	1
35	161	1
35	364	1
35	145	1
35	249	1
35	183	1
35	147	1
35	135	1
35	308	1
35	158	1
35	130	1
35	210	1
35	153	1
35	195	1
35	254	1
36	242	1
36	263	1
36	267	1
36	354	1
36	231	1
36	252	1
36	333	1
36	158	1
36	440	1
36	383	1
36	549	1
36	306	1
36	382	1
36	278	1
36	226	1
36	250	1
36	149	1
36	308	1
36	318	1
36	273	1
36	213	1
36	310	1
36	236	1
36	276	1
36	277	1
36	320	1
36	282	1
36	237	1
36	323	1
36	365	1
37	400	1
37	205	1
37	314	1
37	311	1
37	182	1
37	185	1
37	208	1
37	250	1
37	323	1
37	434	1
37	182	1
37	296	1
37	164	1
37	479	1
37	245	1
37	330	1
37	153	1
37	300	1
37	220	1
37	113	1
37	228	1
37	222	1
37	226	1
37	396	1
37	215	1
38	209	1
38	247	1
38	309	1
38	284	1
38	344	1
38	276	1
38	356	1
38	345	1
38	388	1
38	442	1
38	164	1
38	288	1
38	267	1
38	343	1
38	277	1
38	356	1
38	422	1
38	277	1
38	467	1
38	289	1
38	286	1
38	293	1
38	219	1
38	277	1
38	748	1
38	263	1
38	310	1
38	344	1
38	182	1
39	230	1
39	229	1
39	313	1
39	89	1
39	240	1
39	196	1
39	208	1
39	138	1
39	134	1
39	197	1
39	189	1
39	250	1
39	250	1
39	375	1
39	193	1
39	226	1
39	136	1
39	264	1
39	165	1
39	276	1
39	255	1
39	233	1
40	592	1
40	224	1
40	187	1
40	271	1
40	367	1
40	288	1
40	172	1
40	198	1
40	289	1
40	195	1
40	308	1
40	212	1
40	148	1
40	128	1
40	202	1
40	358	1
40	275	1
40	195	1
41	198	1
41	183	1
41	169	1
41	169	1
41	198	1
41	221	1
41	156	1
41	159	1
41	226	1
41	179	1
41	209	1
41	193	1
41	229	1
41	206	1
41	203	1
42	641	1
42	505	1
42	305	1
42	438	1
42	344	1
42	244	1
42	256	1
42	332	1
42	169	1
42	193	1
42	287	1
42	201	1
42	457	1
42	370	1
42	246	1
42	193	1
42	591	1
42	664	1
42	507	1
42	306	1
42	228	1
42	261	1
43	434	1
43	282	1
43	398	1
43	193	1
43	414	1
43	157	1
43	269	1
43	318	1
43	189	1
43	245	1
43	194	1
43	180	1
43	149	1
43	273	1
43	252	1
43	467	1
43	170	1
43	276	1
43	307	1
43	175	1
43	297	1
43	231	1
43	215	1
43	217	1
43	425	1
43	182	1
44	270	1
44	175	1
44	199	1
44	152	1
44	254	1
44	170	1
44	205	1
44	334	1
44	211	1
44	191	1
44	166	1
44	245	1
44	148	1
44	174	1
44	138	1
44	154	1
44	182	1
44	174	1
44	217	1
44	183	1
44	240	1
44	137	1
44	169	1
45	243	1
45	172	1
45	180	1
45	212	1
45	156	1
45	215	1
45	207	1
45	146	1
45	192	1
45	138	1
45	269	1
45	191	1
45	353	1
45	155	1
45	156	1
45	180	1
45	140	1
45	84	1
45	171	1
45	161	1
45	280	1
45	144	1
45	133	1
45	291	1
45	257	1
45	177	1
45	231	1
45	307	1
45	157	1
45	183	1
45	175	1
46	262	1
46	237	1
46	255	1
46	302	1
46	350	1
46	312	1
46	533	1
46	246	1
46	295	1
46	158	1
46	291	1
46	278	1
46	122	1
46	340	1
46	177	1
46	358	1
46	279	1
47	196	1
47	418	1
47	467	1
47	232	1
47	238	1
47	187	1
47	140	1
47	197	1
47	136	1
47	295	1
47	231	1
47	218	1
47	214	1
47	226	1
47	207	1
47	272	1
47	232	1
47	133	1
47	282	1
47	181	1
47	388	1
47	136	1
47	196	1
47	265	1
47	243	1
47	190	1
47	261	1
47	241	1
47	149	1
48	232	1
48	200	1
48	160	1
48	200	1
48	181	1
48	271	1
48	150	1
48	176	1
48	143	1
48	158	1
48	206	1
48	185	1
48	205	1
48	222	1
48	167	1
48	156	1
48	206	1
48	284	1
48	218	1
48	200	1
48	243	1
48	153	1
48	194	1
48	177	1
48	194	1
48	208	1
48	159	1
48	283	1
48	159	1
1	218	2
1	441	2
1	242	2
1	219	2
1	141	2
1	200	2
1	203	2
1	231	2
1	283	2
1	243	2
1	215	2
1	228	2
1	193	2
1	365	2
1	162	2
1	275	2
1	254	2
2	220	2
2	251	2
2	129	2
2	168	2
2	179	2
2	225	2
2	267	2
2	198	2
2	209	2
2	403	2
2	448	2
2	211	2
2	271	2
2	255	2
2	205	2
2	261	2
2	271	2
2	250	2
2	263	2
3	183	2
3	185	2
3	198	2
3	155	2
3	183	2
3	212	2
3	170	2
3	244	2
3	182	2
3	169	2
3	170	2
3	265	2
3	311	2
3	249	2
3	203	2
3	171	2
3	190	2
3	204	2
3	135	2
3	253	2
3	188	2
4	339	2
4	233	2
4	247	2
4	232	2
4	274	2
4	421	2
4	273	2
4	289	2
4	270	2
4	196	2
4	318	2
4	367	2
4	240	2
4	271	2
4	185	2
4	291	2
4	190	2
4	268	2
4	200	2
4	312	2
4	237	2
4	162	2
4	297	2
4	283	2
4	199	2
4	237	2
4	209	2
4	304	2
4	293	2
4	785	2
5	444	2
5	257	2
5	213	2
5	264	2
5	219	2
5	196	2
5	250	2
5	256	2
5	259	2
5	182	2
5	263	2
5	267	2
5	333	2
5	200	2
5	209	2
5	332	2
5	196	2
5	308	2
5	191	2
5	323	2
5	350	2
5	325	2
5	352	2
5	370	2
5	278	2
5	259	2
5	319	2
5	383	2
5	253	2
5	190	2
5	356	2
5	495	2
6	296	2
6	188	2
6	367	2
6	268	2
6	213	2
6	171	2
6	243	2
6	233	2
6	167	2
6	201	2
6	207	2
6	188	2
6	221	2
6	160	2
6	230	2
6	175	2
6	183	2
6	166	2
6	269	2
6	587	2
6	243	2
6	254	2
6	303	2
6	255	2
6	259	2
6	314	2
6	152	2
6	193	2
6	211	2
6	280	2
7	101	2
7	121	2
7	85	2
7	85	2
7	102	2
7	175	2
7	92	2
7	90	2
7	88	2
7	86	2
7	99	2
7	328	2
7	350	2
7	87	2
7	456	2
7	250	2
8	173	2
8	356	2
8	222	2
8	208	2
8	217	2
8	291	2
8	154	2
8	228	2
8	291	2
8	438	2
8	263	2
8	254	2
8	286	2
8	236	2
8	170	2
8	240	2
8	395	2
8	370	2
8	200	2
8	189	2
8	249	2
8	336	2
8	431	2
8	301	2
8	132	2
8	337	2
9	591	2
9	410	2
9	194	2
9	239	2
9	211	2
9	311	2
9	302	2
9	331	2
9	437	2
9	287	2
9	229	2
9	316	2
9	407	2
9	302	2
9	215	2
9	299	2
9	411	2
9	209	2
9	103	2
9	362	2
9	178	2
9	222	2
9	102	2
10	141	2
10	314	2
10	281	2
10	248	2
10	253	2
10	83	2
10	214	2
10	83	2
10	244	2
10	257	2
10	82	2
10	314	2
10	243	2
10	263	2
10	168	2
10	259	2
10	236	2
10	267	2
10	245	2
10	236	2
10	254	2
10	266	2
10	199	2
10	236	2
10	240	2
10	222	2
10	366	2
10	292	2
10	161	2
10	229	2
11	500	2
11	143	2
11	157	2
11	123	2
11	302	2
11	359	2
11	130	2
11	87	2
11	83	2
11	503	2
11	162	2
11	81	2
11	212	2
11	283	2
11	197	2
11	182	2
11	273	2
11	427	2
11	192	2
11	82	2
11	262	2
11	268	2
11	276	2
11	210	2
11	84	2
11	199	2
12	201	2
12	244	2
12	129	2
12	153	2
12	414	2
12	301	2
12	244	2
12	224	2
12	164	2
12	173	2
12	249	2
12	261	2
12	276	2
12	214	2
12	135	2
12	274	2
12	216	2
12	227	2
12	189	2
12	253	2
12	144	2
12	184	2
12	197	2
12	240	2
12	166	2
12	182	2
12	108	2
12	182	2
12	157	2
12	142	2
12	168	2
13	257	2
13	223	2
13	196	2
13	229	2
13	429	2
13	296	2
13	351	2
13	210	2
13	373	2
13	598	2
13	208	2
13	198	2
13	427	2
13	281	2
13	318	2
13	299	2
13	197	2
13	178	2
13	206	2
13	276	2
13	220	2
13	328	2
13	279	2
13	96	2
13	297	2
13	268	2
14	192	2
14	169	2
14	147	2
14	217	2
14	162	2
14	187	2
14	187	2
14	256	2
14	180	2
14	196	2
14	236	2
14	182	2
14	226	2
14	188	2
14	130	2
14	259	2
14	240	2
14	254	2
14	173	2
14	250	2
14	261	2
14	152	2
14	423	2
14	178	2
14	198	2
14	204	2
14	150	2
14	245	2
14	216	2
14	193	2
14	182	2
14	178	2
14	206	2
14	175	2
15	334	2
15	166	2
15	292	2
15	247	2
15	219	2
15	181	2
15	153	2
15	193	2
15	154	2
15	281	2
15	266	2
15	191	2
15	272	2
15	313	2
15	484	2
15	282	2
15	209	2
15	496	2
15	210	2
15	124	2
15	358	2
15	223	2
15	213	2
15	443	2
15	160	2
15	135	2
15	243	2
15	195	2
16	149	2
16	443	2
16	117	2
16	334	2
16	291	2
16	154	2
16	290	2
16	165	2
16	293	2
16	170	2
16	294	2
16	161	2
16	431	2
16	217	2
16	130	2
16	161	2
16	237	2
16	241	2
16	259	2
16	117	2
16	252	2
16	152	2
16	202	2
16	236	2
16	192	2
16	390	2
16	140	2
16	256	2
16	156	2
16	152	2
16	159	2
16	181	2
16	243	2
16	173	2
16	169	2
16	178	2
17	267	2
17	275	2
17	191	2
17	233	2
17	230	2
17	482	2
17	244	2
17	207	2
17	279	2
17	310	2
17	436	2
17	243	2
17	264	2
17	761	2
17	168	2
17	298	2
17	208	2
17	235	2
17	232	2
17	303	2
17	188	2
17	279	2
17	207	2
17	330	2
17	225	2
17	165	2
17	221	2
18	236	2
18	256	2
18	226	2
18	208	2
18	217	2
18	265	2
18	241	2
18	564	2
18	495	2
18	313	2
18	330	2
18	596	2
18	255	2
18	228	2
18	253	2
18	266	2
18	310	2
18	270	2
18	187	2
18	251	2
18	286	2
18	367	2
18	288	2
18	247	2
18	407	2
18	211	2
18	477	2
18	290	2
19	139	2
19	285	2
19	144	2
19	298	2
19	276	2
19	260	2
19	263	2
19	248	2
19	160	2
19	158	2
19	203	2
19	210	2
19	229	2
19	316	2
19	219	2
19	202	2
19	205	2
19	171	2
19	196	2
19	135	2
19	414	2
19	148	2
19	195	2
19	121	2
19	182	2
19	265	2
20	165	2
20	258	2
20	384	2
20	194	2
20	167	2
20	231	2
20	212	2
20	243	2
20	186	2
20	206	2
20	285	2
20	259	2
20	157	2
20	197	2
20	472	2
20	187	2
20	174	2
20	192	2
20	209	2
20	181	2
20	241	2
20	148	2
20	207	2
20	189	2
20	246	2
20	207	2
20	106	2
20	334	2
20	247	2
20	174	2
21	306	2
21	163	2
21	259	2
21	256	2
21	355	2
21	299	2
21	376	2
21	286	2
21	172	2
21	113	2
21	255	2
21	121	2
21	266	2
21	123	2
21	167	2
21	118	2
21	256	2
21	127	2
21	110	2
21	311	2
21	293	2
21	131	2
21	266	2
21	268	2
22	204	2
22	209	2
22	425	2
22	301	2
22	308	2
22	246	2
22	131	2
22	290	2
22	167	2
22	368	2
23	377	2
23	202	2
23	271	2
23	433	2
23	239	2
23	232	2
23	472	2
23	344	2
23	360	2
23	240	2
23	265	2
23	245	2
23	303	2
23	255	2
24	234	2
24	219	2
24	708	2
24	265	2
24	213	2
24	281	2
24	194	2
24	290	2
24	262	2
24	194	2
24	435	2
24	259	2
24	213	2
24	242	2
24	304	2
24	283	2
24	361	2
24	191	2
24	331	2
24	318	2
24	148	2
24	593	2
24	255	2
24	161	2
24	205	2
24	164	2
24	200	2
24	259	2
24	293	2
24	404	2
24	188	2
25	288	2
25	360	2
25	300	2
25	139	2
25	230	2
25	189	2
25	273	2
25	190	2
25	387	2
25	112	2
25	275	2
25	202	2
25	255	2
25	347	2
25	178	2
25	249	2
25	208	2
25	271	2
25	382	2
25	257	2
25	281	2
25	309	2
25	276	2
25	389	2
25	429	2
25	123	2
25	294	2
25	235	2
25	284	2
25	352	2
26	85	2
26	214	2
26	323	2
26	288	2
26	367	2
26	187	2
26	95	2
26	225	2
26	278	2
26	224	2
26	269	2
26	233	2
26	161	2
26	271	2
26	211	2
26	89	2
26	437	2
26	272	2
26	257	2
27	315	2
27	311	2
27	273	2
27	272	2
27	455	2
27	81	2
27	363	2
27	210	2
27	148	2
27	367	2
27	280	2
27	202	2
27	245	2
27	243	2
27	229	2
27	480	2
27	158	2
27	346	2
27	319	2
27	356	2
27	326	2
27	301	2
27	190	2
28	164	2
28	175	2
28	205	2
28	168	2
28	371	2
28	173	2
28	260	2
28	175	2
28	278	2
28	216	2
28	337	2
28	348	2
28	197	2
28	169	2
28	241	2
28	381	2
28	225	2
28	231	2
28	256	2
28	210	2
28	185	2
28	643	2
28	425	2
28	177	2
28	231	2
28	303	2
28	266	2
28	185	2
28	226	2
28	298	2
28	207	2
29	209	2
29	228	2
29	255	2
29	120	2
29	350	2
29	82	2
29	284	2
29	336	2
29	277	2
29	245	2
29	228	2
29	253	2
29	317	2
29	324	2
29	209	2
29	223	2
29	221	2
29	293	2
29	140	2
29	264	2
29	280	2
29	108	2
29	219	2
29	244	2
29	337	2
29	219	2
29	202	2
30	259	2
30	255	2
30	280	2
30	397	2
30	201	2
30	434	2
30	290	2
30	268	2
30	244	2
30	269	2
30	434	2
30	171	2
30	280	2
30	285	2
30	532	2
30	277	2
30	436	2
30	219	2
30	259	2
30	412	2
30	268	2
30	141	2
30	766	2
30	304	2
30	277	2
30	373	2
30	292	2
30	592	2
30	274	2
30	371	2
30	301	2
31	345	2
31	164	2
31	135	2
31	131	2
31	540	2
31	309	2
31	304	2
31	176	2
31	242	2
31	183	2
31	388	2
31	150	2
31	703	2
32	264	2
32	214	2
32	254	2
32	249	2
32	113	2
32	184	2
32	316	2
32	219	2
32	321	2
32	211	2
32	227	2
32	206	2
32	293	2
32	208	2
32	263	2
32	184	2
32	210	2
32	225	2
32	107	2
32	250	2
32	97	2
32	275	2
32	448	2
32	135	2
32	205	2
32	159	2
32	196	2
32	267	2
32	208	2
32	285	2
32	194	2
32	225	2
33	195	2
33	212	2
33	204	2
33	232	2
33	207	2
33	116	2
33	183	2
33	216	2
33	184	2
33	293	2
33	193	2
33	276	2
33	244	2
33	179	2
33	182	2
33	312	2
33	220	2
33	249	2
33	231	2
33	244	2
33	206	2
33	276	2
33	188	2
33	233	2
33	293	2
33	205	2
33	161	2
33	408	2
34	574	2
34	393	2
34	357	2
34	309	2
34	412	2
34	225	2
34	729	2
34	383	2
34	323	2
34	664	2
34	398	2
34	111	2
34	696	2
34	181	2
35	221	2
35	218	2
35	172	2
35	223	2
35	163	2
35	145	2
35	253	2
35	193	2
35	241	2
35	223	2
35	179	2
35	300	2
35	245	2
35	185	2
35	158	2
35	199	2
35	208	2
35	209	2
35	144	2
35	270	2
35	200	2
35	299	2
35	217	2
35	270	2
35	163	2
36	282	2
36	220	2
36	585	2
36	285	2
36	459	2
36	353	2
36	254	2
36	269	2
36	352	2
36	239	2
36	232	2
36	271	2
36	274	2
36	138	2
36	321	2
36	765	2
36	250	2
36	239	2
36	198	2
36	443	2
36	318	2
36	315	2
36	219	2
36	263	2
36	292	2
36	281	2
37	239	2
37	264	2
37	277	2
37	153	2
37	173	2
37	152	2
37	343	2
37	320	2
37	186	2
37	193	2
37	368	2
37	352	2
37	268	2
37	301	2
37	186	2
37	178	2
37	344	2
37	357	2
37	311	2
37	225	2
37	265	2
38	340	2
38	336	2
38	290	2
38	263	2
38	339	2
38	262	2
38	353	2
38	215	2
38	286	2
38	562	2
38	583	2
38	561	2
38	368	2
38	256	2
38	778	2
38	246	2
38	263	2
38	207	2
38	543	2
38	338	2
38	501	2
38	324	2
39	224	2
39	150	2
39	243	2
39	206	2
39	214	2
39	230	2
39	278	2
39	231	2
39	198	2
39	212	2
39	150	2
39	191	2
39	292	2
39	253	2
39	248	2
39	194	2
39	180	2
39	184	2
39	307	2
39	186	2
39	282	2
39	147	2
39	246	2
39	158	2
40	350	2
40	173	2
40	241	2
40	214	2
40	326	2
40	360	2
40	311	2
40	691	2
40	255	2
40	201	2
40	316	2
40	281	2
40	249	2
40	331	2
40	530	2
41	250	2
41	225	2
41	148	2
41	162	2
41	207	2
41	129	2
41	261	2
41	215	2
41	117	2
41	154	2
41	124	2
41	230	2
41	252	2
41	218	2
41	157	2
41	244	2
41	160	2
41	240	2
42	96	2
42	263	2
42	559	2
42	567	2
42	405	2
42	274	2
42	291	2
42	347	2
42	309	2
42	715	2
42	270	2
42	120	2
42	269	2
42	304	2
42	450	2
42	436	2
42	261	2
42	263	2
42	329	2
42	537	2
42	92	2
42	427	2
43	260	2
43	165	2
43	305	2
43	224	2
43	355	2
43	286	2
43	250	2
43	298	2
43	122	2
43	625	2
43	323	2
43	297	2
43	165	2
43	301	2
43	256	2
43	410	2
43	281	2
43	224	2
43	362	2
43	159	2
44	185	2
44	151	2
44	158	2
44	189	2
44	163	2
44	156	2
44	176	2
44	169	2
44	167	2
44	246	2
44	155	2
44	242	2
44	172	2
44	108	2
44	192	2
44	150	2
44	159	2
44	233	2
44	221	2
44	282	2
44	166	2
44	157	2
45	149	2
45	204	2
45	315	2
45	200	2
45	212	2
45	154	2
45	196	2
45	190	2
45	188	2
45	227	2
45	163	2
45	172	2
45	259	2
45	146	2
45	160	2
45	210	2
45	197	2
45	299	2
45	184	2
45	300	2
45	165	2
45	334	2
45	157	2
45	157	2
45	291	2
45	194	2
45	226	2
45	161	2
45	181	2
45	191	2
45	382	2
45	247	2
46	204	2
46	264	2
46	418	2
46	297	2
46	185	2
46	282	2
46	304	2
46	173	2
46	474	2
46	197	2
46	229	2
46	206	2
46	251	2
46	312	2
46	351	2
47	226	2
47	198	2
47	194	2
47	192	2
47	208	2
47	283	2
47	219	2
47	174	2
47	243	2
47	252	2
47	243	2
47	180	2
47	152	2
47	230	2
47	224	2
47	267	2
47	164	2
47	227	2
47	219	2
47	214	2
47	231	2
47	225	2
47	253	2
47	246	2
47	172	2
47	262	2
47	203	2
47	304	2
48	213	2
48	366	2
48	133	2
48	208	2
48	239	2
48	189	2
48	199	2
48	302	2
48	263	2
48	255	2
48	226	2
48	235	2
48	177	2
48	158	2
48	195	2
48	216	2
48	176	2
